((("absolute" .
   [1 0 0 0 0 0 0 0])
  ("right" .
   [3 0 0 0 0])
  ("300px" .
   [1 0 0 0 0])
  ("20px" .
   [1 0 0 0])
  ("100px" .
   [1 0 0 0 0])
  ("font-weight" .
   [0 0 0 0 0 0 1 0 0 0 0])
  ("0" .
   [8])
  ("letter-spacing" .
   [0 0 0 0 0 0 0 0 1 0 0 0 0 0])
  ("small" .
   [1 0 0 0 0])
  ("medium" .
   [0 0 0 1 0 0])
  ("font-stretch" .
   [0 0 0 0 0 1 0 0 0 0 0 0])
  ("left" .
   [3 0 0 0])
  ("background-image" .
   [0 0 0 1 0 0 0 0 0 0 0 0 0 0 0 0])
  ("url" .
   [1 0 0])
  ("background-repeat" .
   [0 0 0 0 0 0 0 0 0 0 0 0 0 1 0 0 0])
  ("none" .
   [1 0 0 0])
  ("no-repeat" .
   [0 0 0 1 0 0 0 0 0])
  ("60px" .
   [1 0 0 0])
  ("10px" .
   [1 0 0 0])
  ("50px" .
   [1 0 0 0])))
